0.01   0.999912   6.11102e-006
0.02   0.999271   4.8888e-005
0.03   0.998631   0.000164995
0.04   0.99799   0.000391093
0.05   0.996709   0.000763829
0.06   0.995428   0.00131984
0.07   0.993506   0.00209572
0.08   0.991585   0.00312803
0.09   0.989023   0.00445329
0.1   0.986461   0.00610792
0.11   0.983899   0.00812828
0.12   0.981336   0.0105506
0.13   0.978134   0.013411
0.14   0.974291   0.0167453
0.15   0.970447   0.0205895
0.16   0.966604   0.0249789
0.17   0.962761   0.0299488
0.18   0.958277   0.0355344
0.19   0.953793   0.0417702
0.2   0.94931   0.0486907
0.21   0.944185   0.0563297
0.22   0.939061   0.0647208
0.23   0.933937   0.073897
0.24   0.928172   0.0838908
0.25   0.922407   0.0947342
0.26   0.916642   0.106459
0.27   0.910878   0.119095
0.28   0.905113   0.132672
0.29   0.898708   0.147221
0.3   0.892302   0.162769
0.31   0.885897   0.179344
0.32   0.879492   0.196973
0.33   0.872446   0.215682
0.34   0.86604   0.235494
0.35   0.858995   0.256435
0.36   0.851949   0.278527
0.37   0.844903   0.301791
0.38   0.837857   0.326247
0.39   0.830811   0.351915
0.4   0.823125   0.378813
0.41   0.816079   0.406956
0.42   0.809033   0.436361
0.43   0.801347   0.467041
0.44   0.79366   0.499008
0.45   0.786614   0.532273
0.46   0.778928   0.566846
0.47   0.771241   0.602735
0.48   0.764196   0.639945
0.49   0.756509   0.678482
0.5   0.748823   0.718349
0.51   0.741777   0.759546
0.52   0.734091   0.802075
0.53   0.726404   0.845934
0.54   0.718718   0.891118
0.55   0.711672   0.937624
0.56   0.703986   0.985445
0.57   0.696299   1.03457
0.58   0.689253   1.085
0.59   0.681567   1.1367
0.6   0.674521   1.18969
0.61   0.667475   1.24392
0.62   0.659789   1.29941
0.63   0.652743   1.35611
0.64   0.645697   1.41402
0.65   0.638651   1.47311
0.66   0.631605   1.53337
0.67   0.624559   1.59477
0.68   0.617513   1.65728
0.69   0.610468   1.72088
0.7   0.603422   1.78555
0.71   0.597016   1.85125
0.72   0.58997   1.91795
0.73   0.583565   1.98563
0.74   0.576519   2.05426
0.75   0.570114   2.1238
0.76   0.563709   2.19421
0.77   0.557303   2.26547
0.78   0.550898   2.33755
0.79   0.544493   2.4104
0.8   0.538087   2.48399
0.81   0.532323   2.55829
0.82   0.525917   2.63326
0.83   0.520152   2.70886
0.839999   0.513747   2.78506
0.849999   0.507982   2.86181
0.859999   0.502217   2.93909
0.869999   0.496453   3.01685
0.879999   0.490688   3.09506
0.889999   0.484923   3.17367
0.899999   0.479158   3.25266
0.909999   0.474034   3.33198
0.919999   0.468269   3.4116
0.929999   0.463145   3.49149
0.939999   0.458021   3.5716
0.949999   0.452256   3.65189
0.959999   0.447132   3.73234
0.969999   0.442007   3.81291
0.979999   0.436883   3.89357
0.989999   0.432399   3.97428
0.999999   0.427275   4.055
1.01   0.422151   4.13571
1.02   0.417667   4.21637
1.03   0.412543   4.29695
1.04   0.408059   4.37743
1.05   0.403575   4.45777
1.06   0.399092   4.53793
1.07   0.394608   4.61791
1.08   0.390124   4.69766
1.09   0.38564   4.77716
1.1   0.381157   4.85638
1.11   0.377313   4.93531
1.12   0.37283   5.01391
1.13   0.368986   5.09217
1.14   0.364503   5.17005
1.15   0.36066   5.24754
1.16   0.356816   5.32463
1.17   0.352973   5.40128
1.18   0.34913   5.47748
1.19   0.345287   5.55321
1.2   0.341443   5.62846
1.21   0.3376   5.7032
1.22   0.333757   5.77743
1.23   0.330554   5.85113
1.24   0.326711   5.92429
1.25   0.322868   5.99689
1.26   0.319665   6.06891
1.27   0.316463   6.14036
1.28   0.31262   6.21121
1.29   0.309417   6.28146
1.3   0.306214   6.3511
1.31   0.303012   6.42012
1.32   0.299809   6.48852
1.33   0.296606   6.55628
1.34   0.293404   6.62339
1.35   0.290201   6.68987
1.36   0.287639   6.75569
1.37   0.284436   6.82085
1.38   0.281233   6.88535
1.39   0.278671   6.94919
1.4   0.275469   7.01236
1.41   0.272906   7.07487
1.42   0.270344   7.1367
1.43   0.267142   7.19786
1.44   0.264579   7.25835
1.45   0.262017   7.31816
1.46   0.259455   7.3773
1.47   0.256893   7.43576
1.48   0.254331   7.49356
1.49   0.251769   7.55068
1.5   0.249207   7.60713
1.51   0.246645   7.66291
1.52   0.244082   7.71802
1.53   0.24152   7.77248
1.54   0.238958   7.82627
1.55   0.237037   7.8794
1.56   0.234474   7.93188
1.57   0.232553   7.9837
1.58   0.229991   8.03488
1.59   0.228069   8.08541
1.6   0.225507   8.13531
1.61   0.223585   8.18457
1.62   0.221023   8.2332
1.63   0.219102   8.2812
1.64   0.21718   8.32858
1.65   0.215258   8.37535
1.66   0.213337   8.4215
1.67   0.210775   8.46705
1.68   0.208853   8.512
1.69   0.206932   8.55636
1.7   0.20501   8.60012
1.71   0.203088   8.64331
1.72   0.201167   8.68591
1.73   0.199245   8.72795
1.74   0.197964   8.76941
1.75   0.196042   8.81032
1.76   0.194121   8.85067
1.77   0.192199   8.89048
1.78   0.190278   8.92974
1.79   0.188997   8.96847
1.8   0.187075   9.00667
1.81   0.185153   9.04434
1.82   0.183872   9.0815
1.83   0.181951   9.11815
1.84   0.18067   9.15429
1.85   0.178748   9.18993
1.86   0.177467   9.22508
1.87   0.175545   9.25975
1.88   0.174264   9.29393
1.89   0.172983   9.32764
1.9   0.171062   9.36088
1.91   0.169781   9.39366
1.92   0.168499   9.42598
1.93   0.166578   9.45785
1.94   0.165297   9.48928
1.95   0.164016   9.52027
1.96   0.162735   9.55083
1.97   0.161454   9.58096
1.98   0.160173   9.61067
1.99   0.158251   9.63997
2   0.15697   9.66885
2.01   0.155689   9.69734
2.02   0.154408   9.72542
2.03   0.153127   9.75311
2.04   0.151846   9.78042
2.05   0.150565   9.80734
2.06   0.149283   9.83389
2.07   0.148002   9.86007
2.08   0.147362   9.88588
2.09   0.146081   9.91134
2.1   0.1448   9.93644
2.11   0.143519   9.96118
2.12   0.142238   9.98559
2.13   0.140957   10.0097
2.14   0.140316   10.0334
2.15   0.139035   10.0568
2.16   0.137754   10.0799
2.17   0.136473   10.1026
2.18   0.135832   10.1251
2.19   0.134551   10.1472
2.2   0.13327   10.169
2.21   0.13263   10.1905
2.22   0.131349   10.2117
2.23   0.130708   10.2327
2.24   0.129427   10.2533
2.25   0.128146   10.2737
2.26   0.127505   10.2938
2.27   0.126224   10.3136
2.28   0.125584   10.3331
2.29   0.124303   10.3524
2.3   0.123662   10.3714
2.31   0.122381   10.3901
2.32   0.121741   10.4086
2.33   0.1211   10.4268
2.34   0.119819   10.4448
2.35   0.119178   10.4625
2.36   0.117897   10.48
2.37   0.117257   10.4973
2.38   0.116616   10.5143
2.39   0.115335   10.5311
2.4   0.114695   10.5477
2.41   0.114054   10.5641
2.42   0.112773   10.5802
2.43   0.112133   10.5961
2.44   0.111492   10.6118
2.45   0.110851   10.6273
2.46   0.10957   10.6426
2.47   0.10893   10.6577
2.48   0.108289   10.6725
2.49   0.107649   10.6872
2.5   0.106368   10.7017
2.51   0.105727   10.716
2.52   0.105087   10.7301
2.53   0.104446   10.7441
2.54   0.103806   10.7578
2.55   0.103165   10.7714
2.56   0.101884   10.7847
2.57   0.101243   10.7979
2.58   0.100603   10.811
2.59   0.0999624   10.8238
2.6   0.0993219   10.8365
2.61   0.0986813   10.8491
2.62   0.0980408   10.8614
2.63   0.0974003   10.8737
2.64   0.0967597   10.8857
2.65   0.0961192   10.8976
2.66   0.0954787   10.9094
2.67   0.0948381   10.9209
2.68   0.0941976   10.9324
2.69   0.0935571   10.9437
2.7   0.0929165   10.9549
2.71   0.092276   10.9659
2.72   0.0916355   10.9767
2.73   0.090995   10.9875
2.74   0.0903544   10.9981
2.75   0.0897139   11.0086
2.76   0.0890733   11.0189
2.77   0.0884328   11.0291
2.78   0.0877923   11.0392
2.79   0.0871518   11.0491
2.8   0.0871518   11.059
2.81   0.0865112   11.0687
2.82   0.0858707   11.0783
2.83   0.0852301   11.0877
2.84   0.0845896   11.0971
2.85   0.0839491   11.1063
2.86   0.0833085   11.1154
2.87   0.0833085   11.1244
2.88   0.082668   11.1333
2.89   0.0820275   11.1421
2.9   0.0813869   11.1508
2.91   0.0807464   11.1594
2.92   0.0807464   11.1679
2.93   0.0801059   11.1762
2.94   0.0794653   11.1845
2.95   0.0788248   11.1927
2.96   0.0781843   11.2007
2.97   0.0781843   11.2087
2.98   0.0775437   11.2166
2.99   0.0769032   11.2244
3   0.0762627   11.2321
3.01   0.0762627   11.2397
3.02   0.0756221   11.2472
3.03   0.0749816   11.2546
3.04   0.0749816   11.2619
3.05   0.0743411   11.2692
3.06   0.0737005   11.2764
3.07   0.07306   11.2834
3.08   0.07306   11.2904
3.09   0.0724195   11.2973
3.1   0.0717789   11.3042
3.11   0.0717789   11.3109
3.12   0.0711384   11.3176
3.13   0.0704979   11.3242
3.14   0.0704979   11.3307
3.15   0.0698573   11.3372
3.16   0.0692168   11.3435
3.17   0.0692168   11.3498
3.18   0.0685763   11.3561
3.19   0.0685763   11.3622
3.2   0.0679357   11.3683
3.21   0.0672952   11.3743
3.22   0.0672952   11.3803
3.23   0.0666547   11.3861
3.24   0.0666547   11.392
3.25   0.0660141   11.3977
3.26   0.0653736   11.4034
3.27   0.0653736   11.409
3.28   0.0647331   11.4146
3.29   0.0647331   11.4201
3.3   0.0640925   11.4255
3.31   0.063452   11.4309
3.32   0.063452   11.4362
3.33   0.0628115   11.4414
3.34   0.0628115   11.4466
3.35   0.0621709   11.4518
3.36   0.0621709   11.4569
3.37   0.0615304   11.4619
3.38   0.0615304   11.4669
3.39   0.0608899   11.4718
3.4   0.0608899   11.4767
3.41   0.0602493   11.4815
3.42   0.0602493   11.4862
3.43   0.0596088   11.4909
3.44   0.0596088   11.4956
3.45   0.0589683   11.5002
3.46   0.0589683   11.5048
3.47   0.0583277   11.5093
3.48   0.0583277   11.5137
3.49   0.0576872   11.5181
3.5   0.0576872   11.5225
3.51   0.0570467   11.5268
3.52   0.0570467   11.5311
3.53   0.0564061   11.5353
3.54   0.0564061   11.5395
3.55   0.0557656   11.5437
3.56   0.0557656   11.5478
3.57   0.0551251   11.5518
3.58   0.0551251   11.5558
3.59   0.0544845   11.5598
3.6   0.0544845   11.5637
3.61   0.053844   11.5676
3.62   0.053844   11.5715
3.63   0.053844   11.5753
3.64   0.0532035   11.579
3.65   0.0532035   11.5828
3.66   0.0525629   11.5865
3.67   0.0525629   11.5901
3.68   0.0519224   11.5937
3.69   0.0519224   11.5973
3.7   0.0519224   11.6008
3.71   0.0512819   11.6044
3.72   0.0512819   11.6078
3.73   0.0506413   11.6113
3.74   0.0506413   11.6147
3.75   0.0506413   11.618
3.76   0.0500008   11.6214
3.77   0.0500008   11.6247
3.78   0.0493603   11.6279
3.79   0.0493603   11.6312
3.8   0.0493603   11.6344
3.81   0.0487197   11.6375
3.82   0.0487197   11.6407
3.83   0.0480792   11.6438
3.84   0.0480792   11.6469
3.85   0.0480792   11.6499
3.86   0.0474387   11.6529
3.87   0.0474387   11.6559
3.88   0.0474387   11.6589
3.89   0.0467981   11.6618
3.9   0.0467981   11.6647
3.91   0.0467981   11.6676
3.92   0.0461576   11.6704
3.93   0.0461576   11.6733
3.94   0.0461576   11.676
3.95   0.0455171   11.6788
3.96   0.0455171   11.6815
3.97   0.0448765   11.6843
3.98   0.0448765   11.6869
3.99   0.0448765   11.6896
4   0.044236   11.6922
4.01   0.044236   11.6948
4.02   0.044236   11.6974
4.03   0.0435955   11.7
4.04   0.0435955   11.7025
4.05   0.0435955   11.705
4.06   0.0435955   11.7075
4.07   0.0429549   11.71
4.08   0.0429549   11.7124
4.09   0.0429549   11.7148
4.1   0.0423144   11.7172
4.11   0.0423144   11.7196
4.12   0.0423144   11.722
4.13   0.0416739   11.7243
4.14   0.0416739   11.7266
4.15   0.0416739   11.7289
4.16   0.0410333   11.7312
4.17   0.0410333   11.7334
4.18   0.0410333   11.7356
4.19   0.0410333   11.7378
4.2   0.0403928   11.74
4.21   0.0403928   11.7422
4.22   0.0403928   11.7443
4.23   0.0397523   11.7465
4.24   0.0397523   11.7486
4.25   0.0397523   11.7507
4.26   0.0397523   11.7527
4.27   0.0391117   11.7548
4.28   0.0391117   11.7568
4.29   0.0391117   11.7588
4.3   0.0384712   11.7608
4.31   0.0384712   11.7628
4.32   0.0384712   11.7647
4.33   0.0384712   11.7667
4.34   0.0378307   11.7686
4.35   0.0378307   11.7705
4.36   0.0378307   11.7724
4.37001   0.0378307   11.7743
4.38001   0.0371901   11.7761
4.39001   0.0371901   11.778
4.40001   0.0371901   11.7798
4.41001   0.0371901   11.7816
4.42001   0.0365496   11.7834
4.43001   0.0365496   11.7852
4.44001   0.0365496   11.787
4.45001   0.0365496   11.7887
4.46001   0.0359091   11.7904
4.47001   0.0359091   11.7922
4.48001   0.0359091   11.7939
4.49001   0.0359091   11.7955
4.50001   0.0352685   11.7972
4.51001   0.0352685   11.7989
4.52001   0.0352685   11.8005
4.53001   0.0352685   11.8022
4.54001   0.034628   11.8038
4.55001   0.034628   11.8054
4.56001   0.034628   11.807
4.57001   0.034628   11.8085
4.58001   0.034628   11.8101
4.59001   0.0339875   11.8117
4.60001   0.0339875   11.8132
4.61001   0.0339875   11.8147
4.62001   0.0339875   11.8162
4.63001   0.0333469   11.8177
4.64001   0.0333469   11.8192
4.65001   0.0333469   11.8207
4.66001   0.0333469   11.8221
4.67001   0.0333469   11.8236
4.68001   0.0327064   11.825
4.69001   0.0327064   11.8265
4.70001   0.0327064   11.8279
4.71001   0.0327064   11.8293
4.72001   0.0327064   11.8307
4.73001   0.0320659   11.832
4.74001   0.0320659   11.8334
4.75001   0.0320659   11.8348
4.76001   0.0320659   11.8361
4.77001   0.0314253   11.8374
4.78001   0.0314253   11.8388
4.79001   0.0314253   11.8401
4.80001   0.0314253   11.8414
4.81002   0.0314253   11.8427
4.82002   0.0314253   11.8439
4.83002   0.0307848   11.8452
4.84002   0.0307848   11.8465
4.85002   0.0307848   11.8477
4.86002   0.0307848   11.849
4.87002   0.0307848   11.8502
4.88002   0.0301443   11.8514
4.89002   0.0301443   11.8526
4.90002   0.0301443   11.8538
4.91002   0.0301443   11.855
4.92002   0.0301443   11.8562
4.93002   0.0295037   11.8574
4.94002   0.0295037   11.8585
4.95002   0.0295037   11.8597
4.96002   0.0295037   11.8608
4.97002   0.0295037   11.862
4.98002   0.0295037   11.8631
4.99002   0.0288632   11.8642
5.00002   0.0288632   11.8653
5.01002   0.0288632   11.8664
5.02002   0.0288632   11.8675
5.03002   0.0288632   11.8686
5.04002   0.0282227   11.8697
5.05002   0.0282227   11.8708
5.06002   0.0282227   11.8718
5.07002   0.0282227   11.8729
5.08002   0.0282227   11.8739
5.09002   0.0282227   11.875
5.10002   0.0275821   11.876
5.11002   0.0275821   11.877
5.12002   0.0275821   11.878
5.13002   0.0275821   11.879
5.14002   0.0275821   11.88
5.15002   0.0275821   11.881
5.16002   0.0269416   11.882
5.17002   0.0269416   11.883
5.18002   0.0269416   11.8839
5.19002   0.0269416   11.8849
5.20002   0.0269416   11.8858
5.21002   0.0269416   11.8868
5.22002   0.0269416   11.8877
5.23002   0.0263011   11.8886
5.24003   0.0263011   11.8896
5.25003   0.0263011   11.8905
5.26003   0.0263011   11.8914
5.27003   0.0263011   11.8923
5.28003   0.0263011   11.8932
5.29003   0.0256605   11.8941
5.30003   0.0256605   11.895
5.31003   0.0256605   11.8958
5.32003   0.0256605   11.8967
5.33003   0.0256605   11.8976
5.34003   0.0256605   11.8984
5.35003   0.0256605   11.8993
5.36003   0.02502   11.9001
5.37003   0.02502   11.901
5.38003   0.02502   11.9018
5.39003   0.02502   11.9026
5.40003   0.02502   11.9035
5.41003   0.02502   11.9043
5.42003   0.02502   11.9051
5.43003   0.0243795   11.9059
5.44003   0.0243795   11.9067
5.45003   0.0243795   11.9075
5.46003   0.0243795   11.9083
5.47003   0.0243795   11.909
5.48003   0.0243795   11.9098
5.49003   0.0243795   11.9106
5.50003   0.0243795   11.9114
5.51003   0.0237389   11.9121
5.52003   0.0237389   11.9129
5.53003   0.0237389   11.9136
5.54003   0.0237389   11.9144
5.55003   0.0237389   11.9151
5.56003   0.0237389   11.9158
5.57003   0.0237389   11.9165
5.58003   0.0230984   11.9173
5.59003   0.0230984   11.918
5.60003   0.0230984   11.9187
5.61003   0.0230984   11.9194
5.62003   0.0230984   11.9201
5.63003   0.0230984   11.9208
5.64003   0.0230984   11.9215
5.65003   0.0230984   11.9222
5.66003   0.0224579   11.9229
5.67003   0.0224579   11.9235
5.68004   0.0224579   11.9242
5.69004   0.0224579   11.9249
5.70004   0.0224579   11.9255
5.71004   0.0224579   11.9262
5.72004   0.0224579   11.9269
5.73004   0.0224579   11.9275
5.74004   0.0224579   11.9282
5.75004   0.0218173   11.9288
5.76004   0.0218173   11.9294
5.77004   0.0218173   11.9301
5.78004   0.0218173   11.9307
5.79004   0.0218173   11.9313
5.80004   0.0218173   11.9319
5.81004   0.0218173   11.9326
5.82004   0.0218173   11.9332
5.83004   0.0211768   11.9338
5.84004   0.0211768   11.9344
5.85004   0.0211768   11.935
5.86004   0.0211768   11.9356
5.87004   0.0211768   11.9362
5.88004   0.0211768   11.9367
5.89004   0.0211768   11.9373
5.90004   0.0211768   11.9379
5.91004   0.0211768   11.9385
5.92004   0.0205363   11.9391
5.93004   0.0205363   11.9396
5.94004   0.0205363   11.9402
5.95004   0.0205363   11.9408
5.96004   0.0205363   11.9413
5.97004   0.0205363   11.9419
5.98004   0.0205363   11.9424
5.99004   0.0205363   11.943
6.00004   0.0205363   11.9435
6.01004   0.0205363   11.944
6.02004   0.0198957   11.9446
6.03004   0.0198957   11.9451
6.04004   0.0198957   11.9456
6.05004   0.0198957   11.9462
6.06004   0.0198957   11.9467
6.07004   0.0198957   11.9472
6.08004   0.0198957   11.9477
6.09004   0.0198957   11.9482
6.10004   0.0198957   11.9487
6.11004   0.0198957   11.9492
6.12005   0.0192552   11.9497
6.13005   0.0192552   11.9502
6.14005   0.0192552   11.9507
6.15005   0.0192552   11.9512
6.16005   0.0192552   11.9517
6.17005   0.0192552   11.9522
6.18005   0.0192552   11.9527
6.19005   0.0192552   11.9532
6.20005   0.0192552   11.9536
6.21005   0.0192552   11.9541
6.22005   0.0186147   11.9546
6.23005   0.0186147   11.955
6.24005   0.0186147   11.9555
6.25005   0.0186147   11.956
6.26005   0.0186147   11.9564
6.27005   0.0186147   11.9569
6.28005   0.0186147   11.9573
6.29005   0.0186147   11.9578
6.30005   0.0186147   11.9582
6.31005   0.0186147   11.9587
6.32005   0.0186147   11.9591
6.33005   0.0179741   11.9596
6.34005   0.0179741   11.96
6.35005   0.0179741   11.9604
6.36005   0.0179741   11.9609
6.37005   0.0179741   11.9613
6.38005   0.0179741   11.9617
6.39005   0.0179741   11.9621
6.40005   0.0179741   11.9626
6.41005   0.0179741   11.963
6.42005   0.0179741   11.9634
6.43005   0.0179741   11.9638
6.44005   0.0179741   11.9642
6.45005   0.0173336   11.9646
6.46005   0.0173336   11.965
6.47005   0.0173336   11.9654
6.48005   0.0173336   11.9658
6.49005   0.0173336   11.9662
6.50005   0.0173336   11.9666
6.51005   0.0173336   11.967
6.52005   0.0173336   11.9674
6.53005   0.0173336   11.9678
6.54005   0.0173336   11.9682
6.55006   0.0173336   11.9686
6.56006   0.0173336   11.9689
6.57006   0.0166931   11.9693
6.58006   0.0166931   11.9697
6.59006   0.0166931   11.9701
6.60006   0.0166931   11.9704
6.61006   0.0166931   11.9708
6.62006   0.0166931   11.9712
6.63006   0.0166931   11.9715
6.64006   0.0166931   11.9719
6.65006   0.0166931   11.9723
6.66006   0.0166931   11.9726
6.67006   0.0166931   11.973
6.68006   0.0166931   11.9733
6.69006   0.0166931   11.9737
6.70006   0.0160525   11.974
6.71006   0.0160525   11.9744
6.72006   0.0160525   11.9747
6.73006   0.0160525   11.9751
6.74006   0.0160525   11.9754
6.75006   0.0160525   11.9758
6.76006   0.0160525   11.9761
6.77006   0.0160525   11.9764
6.78006   0.0160525   11.9768
6.79006   0.0160525   11.9771
6.80006   0.0160525   11.9774
6.81006   0.0160525   11.9778
6.82006   0.0160525   11.9781
6.83006   0.0160525   11.9784
6.84006   0.015412   11.9787
6.85006   0.015412   11.979
6.86006   0.015412   11.9794
6.87006   0.015412   11.9797
6.88006   0.015412   11.98
6.89006   0.015412   11.9803
6.90006   0.015412   11.9806
6.91006   0.015412   11.9809
6.92006   0.015412   11.9812
6.93006   0.015412   11.9815
6.94006   0.015412   11.9819
6.95006   0.015412   11.9822
6.96006   0.015412   11.9825
6.97006   0.015412   11.9828
6.98006   0.0147715   11.9831
6.99007   0.0147715   11.9833
7.00007   0.0147715   11.9836
7.01007   0.0147715   11.9839
7.02007   0.0147715   11.9842
7.03007   0.0147715   11.9845
7.04007   0.0147715   11.9848
7.05007   0.0147715   11.9851
7.06007   0.0147715   11.9854
7.07007   0.0147715   11.9857
7.08007   0.0147715   11.9859
7.09007   0.0147715   11.9862
7.10007   0.0147715   11.9865
7.11007   0.0147715   11.9868
7.12007   0.0147715   11.9871
7.13007   0.0147715   11.9873
7.14007   0.0141309   11.9876
7.15007   0.0141309   11.9879
7.16007   0.0141309   11.9881
7.17007   0.0141309   11.9884
7.18007   0.0141309   11.9887
7.19007   0.0141309   11.9889
7.20007   0.0141309   11.9892
7.21007   0.0141309   11.9895
7.22007   0.0141309   11.9897
7.23007   0.0141309   11.99
7.24007   0.0141309   11.9902
7.25007   0.0141309   11.9905
7.26007   0.0141309   11.9907
7.27007   0.0141309   11.991
7.28007   0.0141309   11.9913
7.29007   0.0141309   11.9915
7.30007   0.0134904   11.9918
7.31007   0.0134904   11.992
7.32007   0.0134904   11.9922
7.33007   0.0134904   11.9925
7.34007   0.0134904   11.9927
7.35007   0.0134904   11.993
7.36007   0.0134904   11.9932
7.37007   0.0134904   11.9935
7.38007   0.0134904   11.9937
7.39007   0.0134904   11.9939
7.40007   0.0134904   11.9942
7.41007   0.0134904   11.9944
7.42007   0.0134904   11.9946
7.43008   0.0134904   11.9949
7.44008   0.0134904   11.9951
7.45008   0.0134904   11.9953
7.46008   0.0134904   11.9956
7.47008   0.0134904   11.9958
7.48008   0.0128499   11.996
7.49008   0.0128499   11.9962
7.50008   0.0128499   11.9965
7.51008   0.0128499   11.9967
7.52008   0.0128499   11.9969
7.53008   0.0128499   11.9971
7.54008   0.0128499   11.9974
7.55008   0.0128499   11.9976
7.56008   0.0128499   11.9978
7.57008   0.0128499   11.998
7.58008   0.0128499   11.9982
7.59008   0.0128499   11.9984
7.60008   0.0128499   11.9986
7.61008   0.0128499   11.9989
7.62008   0.0128499   11.9991
7.63008   0.0128499   11.9993
7.64008   0.0128499   11.9995
7.65008   0.0128499   11.9997
7.66008   0.0128499   11.9999
7.67008   0.0122093   12.0001
7.68008   0.0122093   12.0003
7.69008   0.0122093   12.0005
7.70008   0.0122093   12.0007
7.71008   0.0122093   12.0009
7.72008   0.0122093   12.0011
7.73008   0.0122093   12.0013
7.74008   0.0122093   12.0015
7.75008   0.0122093   12.0017
7.76008   0.0122093   12.0019
7.77008   0.0122093   12.0021
7.78008   0.0122093   12.0023
7.79008   0.0122093   12.0025
7.80008   0.0122093   12.0027
7.81008   0.0122093   12.0029
7.82008   0.0122093   12.003
7.83008   0.0122093   12.0032
7.84008   0.0122093   12.0034
7.85008   0.0122093   12.0036
7.86009   0.0122093   12.0038
7.87009   0.0122093   12.004
7.88009   0.0115688   12.0042
7.89009   0.0115688   12.0043
7.90009   0.0115688   12.0045
7.91009   0.0115688   12.0047
7.92009   0.0115688   12.0049
7.93009   0.0115688   12.0051
7.94009   0.0115688   12.0052
7.95009   0.0115688   12.0054
7.96009   0.0115688   12.0056
7.97009   0.0115688   12.0058
7.98009   0.0115688   12.006
7.99009   0.0115688   12.0061
